it:  100  - test:  0.11504  - train:  0.10576  - delta mean:  5.51287603032604  - delta Cov:  0.04034033552550603  - T:  71.2365996837616
it:  200  - test:  0.11536  - train:  0.10304  - delta mean:  2.925736151963825  - delta Cov:  0.0897857175348212  - T:  154.75453162193298
it:  300  - test:  0.11168  - train:  0.10208  - delta mean:  2.6580927313304876  - delta Cov:  0.13700532988103303  - T:  241.4889805316925
it:  400  - test:  0.11168  - train:  0.10208  - delta mean:  2.5254046012106635  - delta Cov:  0.15972166899391618  - T:  329.728803396225